image_width: 1280
image_height: 1024
camera_name: narrow_stereo
camera_matrix:
  rows: 3
  cols: 3
  data: [1565.573419,    0.     ,  677.689492,
            0.     , 1571.810174,  539.399109,
            0.     ,    0.     ,    1.     ]
distortion_model: plumb_bob
distortion_coefficients:
  rows: 1
  cols: 5
  data: [-0.088778, 0.246552, 0.002614, 0.002891, 0.0]
rectification_matrix:
  rows: 3
  cols: 3
  data: [1., 0., 0.,
         0., 1., 0.,
         0., 0., 1.]
projection_matrix:
  rows: 3
  cols: 4
  data: [1556.719604,    0.     , 679.302046,    0.     ,
            0.     , 1563.112549 ,  540.555410,    0.     ,
            0.     ,    0.     ,    1.     ,    0.     ]
