image_width: 1280
image_height: 1024
camera_name: narrow_stereo
camera_matrix:
  rows: 3
  cols: 3
  data: [1656.31891,    0.     ,  677.30837,
            0.     , 1652.86806,  439.48079,
            0.     ,    0.     ,    1.     ]
distortion_model: plumb_bob
distortion_coefficients:
  rows: 1
  cols: 5
  data: [0.184891, -1.689312, -0.006479, 0.002768, 0.000000]
rectification_matrix:
  rows: 3
  cols: 3
  data: [1., 0., 0.,
         0., 1., 0.,
         0., 0., 1.]
projection_matrix:
  rows: 3
  cols: 4
  data: [1633.10522,    0.     ,  683.50025,    0.     ,
            0.     , 1647.61987,  433.72988,    0.     ,
            0.     ,    0.     ,    1.     ,    0.     ]
